Date	Open	High	Low	Close	Volume	Market Cap
07/15/2018	0.001757	0.001841	0.001757	0.001806	59	5,469,800
07/14/2018	0.002058	0.002084	0.002046	0.002074	48	6,406,400
07/13/2018	0.003158	0.003236	0.002050	0.002064	256	9,830,530
07/12/2018	0.002178	0.003174	0.001939	0.003149	84	6,779,180
07/11/2018	0.002148	0.002248	0.001399	0.002178	872	6,687,510
07/10/2018	0.001863	0.002175	0.001861	0.002148	88	5,798,720
07/09/2018	0.001909	0.001913	0.001820	0.001864	330	5,940,840
07/08/2018	0.002163	0.002365	0.001909	0.001909	519	6,731,930
07/07/2018	0.001945	0.002172	0.001932	0.002165	329	6,054,270
07/06/2018	0.002157	0.002158	0.001935	0.001948	147	6,712,600
07/05/2018	0.002289	0.002310	0.002135	0.002157	136	7,123,660
07/04/2018	0.002260	0.002348	0.002203	0.002283	70	7,035,660
07/03/2018	0.002499	0.002647	0.002227	0.002261	130	7,778,070
07/02/2018	0.002051	0.002511	0.002030	0.002511	68	6,384,210
07/01/2018	0.002619	0.002634	0.002051	0.002051	73	8,151,500
06/30/2018	0.002799	0.002926	0.002591	0.002618	63	8,713,080
06/29/2018	0.002098	0.002836	0.002077	0.002796	502	6,530,450
06/28/2018	0.001972	0.002195	0.001972	0.002097	125	6,139,140
06/27/2018	0.002130	0.002143	0.001889	0.001971	612	6,631,130
06/26/2018	0.002429	0.002804	0.002129	0.002131	1,058	7,561,490
06/25/2018	0.002152	0.002434	0.002085	0.002429	130	6,698,090
06/24/2018	0.002418	0.002967	0.002021	0.002156	1,536	7,525,770
06/23/2018	0.002327	0.002446	0.001855	0.002418	899	7,243,030
06/22/2018	0.003343	0.003349	0.002286	0.002327	482	10,406,300
06/21/2018	0.003308	0.003814	0.003026	0.003347	642	10,297,400
06/20/2018	0.003665	0.003668	0.003289	0.003308	66	11,407,000
06/19/2018	0.003541	0.003691	0.003540	0.003662	534	11,020,700
06/18/2018	0.004370	0.004391	0.002737	0.003543	976	13,602,700
06/17/2018	0.002863	0.004457	0.002858	0.004385	806	8,912,390
06/16/2018	0.003596	0.003638	0.002724	0.002856	279	11,194,300
06/15/2018	0.003847	0.003856	0.003590	0.003610	77	11,973,100
06/14/2018	0.003960	0.004088	0.003685	0.003853	840	12,326,800
06/13/2018	0.004202	0.004304	0.003805	0.003962	3,193	13,078,000
06/12/2018	0.003819	0.004423	0.003613	0.004188	2,849	11,887,500
06/11/2018	0.003750	0.004023	0.003437	0.003820	1,484	11,672,700
06/10/2018	0.004217	0.004217	0.003689	0.003745	201	13,126,100
06/09/2018	0.004943	0.004977	0.004212	0.004212	548	15,385,100
06/08/2018	0.004285	0.004967	0.003924	0.004945	1,259	13,338,900
06/07/2018	0.004198	0.004296	0.003987	0.004281	301	13,067,500
06/06/2018	0.004451	0.004818	0.003933	0.004194	868	13,855,200
06/05/2018	0.005190	0.005196	0.003224	0.004453	2,823	16,155,800
06/04/2018	0.004308	0.005611	0.003142	0.005188	2,246	13,410,200
06/03/2018	0.005077	0.005170	0.004293	0.004307	671	15,804,000
06/02/2018	0.005076	0.005147	0.004851	0.005076	378	15,799,800
06/01/2018	0.005371	0.005447	0.004738	0.005078	8,393	16,718,500
05/31/2018	0.005098	0.005356	0.004872	0.005356	1,506	15,868,700
05/30/2018	0.003878	0.005185	0.003873	0.005099	3,241	12,071,800
05/29/2018	0.004756	0.008012	0.003876	0.003876	8,862	14,803,500
05/28/2018	0.004519	0.006711	0.004519	0.004758	4,590	14,066,900
05/27/2018	0.004988	0.004988	0.004136	0.004518	1,224	15,526,100
05/26/2018	0.003940	0.005135	0.003881	0.004986	2,139	12,264,300
05/25/2018	0.003757	0.004265	0.003133	0.003945	833	11,695,300
05/24/2018	0.004013	0.004926	0.002700	0.003750	3,819	12,492,500
05/23/2018	0.005652	0.005669	0.003953	0.004023	2,299	17,593,500
05/22/2018	0.004526	0.006774	0.004254	0.005658	6,892	14,088,200
05/21/2018	0.004073	0.004768	0.003976	0.004527	2,206	12,678,100
05/20/2018	0.004072	0.004280	0.003698	0.004068	1,157	12,675,900
05/19/2018	0.003339	0.004129	0.003279	0.004069	1,947	10,392,900
05/18/2018	0.003638	0.003789	0.003230	0.003339	2,771	11,322,700
05/17/2018	0.003618	0.003934	0.003025	0.003635	1,263	11,260,500
05/16/2018	0.003544	0.004101	0.001800	0.003615	5,944	11,032,000
05/15/2018	0.002975	0.004342	0.002952	0.003546	3,497	9,260,480
05/14/2018	0.002838	0.003172	0.002644	0.002980	1,798	8,835,220
05/13/2018	0.002713	0.002861	0.002661	0.002839	1,321	8,444,040
05/12/2018	0.002703	0.002754	0.002590	0.002714	643	8,415,040
05/11/2018	0.002920	0.002957	0.002711	0.002711	280	9,088,440
05/10/2018	0.002917	0.003158	0.002859	0.002916	716	9,078,770
05/09/2018	0.003084	0.003086	0.002839	0.002917	504	9,601,080
05/08/2018	0.003046	0.003100	0.002784	0.003089	185	9,482,530
05/07/2018	0.003322	0.003325	0.002264	0.003040	1,102	10,341,600
05/06/2018	0.003333	0.003368	0.003083	0.003320	292	10,374,300
05/05/2018	0.003050	0.003507	0.003045	0.003331	953	9,493,610
05/04/2018	0.003290	0.003404	0.003007	0.003051	209	10,240,900
05/03/2018	0.002715	0.003510	0.002596	0.003292	1,694	8,451,610
05/02/2018	0.002750	0.002884	0.002395	0.002715	2,405	8,561,370
05/01/2018	0.002809	0.002809	0.002551	0.002755	1,102	8,742,340
04/30/2018	0.003385	0.003858	0.002804	0.002804	369	10,535,400
04/29/2018	0.002918	0.003388	0.002881	0.003386	257	9,083,820
04/28/2018	0.002867	0.003348	0.002864	0.002919	314	8,923,620
04/27/2018	0.003631	0.003631	0.002877	0.002877	739	11,303,800
04/26/2018	0.003288	0.003635	0.002970	0.003626	313	10,235,300
04/25/2018	0.003446	0.003453	0.002617	0.003261	697	10,726,800
04/24/2018	0.003737	0.004142	0.001586	0.003465	2,056	11,633,600
04/23/2018	0.004259	0.004690	0.003201	0.003734	1,705	13,258,600
04/22/2018	0.004060	0.004288	0.004005	0.004268	370	12,640,100
04/21/2018	0.004108	0.004198	0.003776	0.004060	223	12,789,400
04/20/2018	0.004096	0.004205	0.003784	0.004107	215	12,750,100
04/19/2018	0.002841	0.004126	0.002832	0.004093	2,615	8,845,300
04/18/2018	0.003014	0.003033	0.002631	0.002839	649	9,381,220
04/17/2018	0.003266	0.003658	0.003011	0.003011	732	10,167,200
04/16/2018	0.003112	0.003350	0.003027	0.003264	1,498	9,688,320
04/15/2018	0.003536	0.003708	0.003080	0.003114	172	11,007,600
04/14/2018	0.003128	0.003578	0.003117	0.003527	551	9,736,760
04/13/2018	0.002771	0.003414	0.002721	0.003128	363	8,627,340
04/12/2018	0.002605	0.002782	0.002534	0.002768	228	8,108,590
04/11/2018	0.002257	0.002784	0.002257	0.002614	584	7,025,830
04/10/2018	0.002361	0.002368	0.002242	0.002255	857	7,348,700
04/09/2018	0.002531	0.002582	0.002281	0.002359	283	7,880,490
04/08/2018	0.002486	0.002557	0.002486	0.002527	399	7,737,450
04/07/2018	0.002369	0.002535	0.002365	0.002483	70	7,374,030
04/06/2018	0.002492	0.002557	0.002364	0.002366	87	7,758,660
04/05/2018	0.002548	0.002622	0.002436	0.002505	484	7,933,230
04/04/2018	0.002502	0.002691	0.002395	0.002547	531	7,790,140
04/03/2018	0.002413	0.002593	0.002295	0.002504	906	7,510,560
04/02/2018	0.002280	0.002569	0.002226	0.002411	633	7,096,480
04/01/2018	0.002479	0.002691	0.002207	0.002262	436	7,717,970
03/31/2018	0.002052	0.003222	0.002052	0.002481	1,223	6,387,090
03/30/2018	0.002296	0.002305	0.001879	0.002051	481	7,146,580
03/29/2018	0.002893	0.002897	0.002254	0.002302	291	9,004,940
03/28/2018	0.002896	0.003142	0.002718	0.002889	485	9,014,040
03/27/2018	0.002620	0.002979	0.002437	0.002896	371	8,156,360
03/26/2018	0.002780	0.002871	0.002078	0.002624	1,411	8,654,240
03/25/2018	0.002947	0.002964	0.002731	0.002782	37	9,175,240
03/24/2018	0.002774	0.003276	0.002767	0.002988	643	8,081,980
03/23/2018	0.002847	0.002933	0.002672	0.002734	252	8,292,360
03/22/2018	0.002927	0.002985	0.002591	0.002847	301	8,527,350
03/21/2018	0.002849	0.003317	0.002706	0.002932	771	8,298,480
03/20/2018	0.003043	0.003629	0.002834	0.002842	1,985	8,863,720
03/19/2018	0.002885	0.003305	0.002742	0.003009	867	8,405,650
03/18/2018	0.002720	0.002907	0.001998	0.002897	318	7,924,110
03/17/2018	0.002804	0.003498	0.002674	0.002726	1,455	8,168,800
03/16/2018	0.003004	0.003715	0.002723	0.002800	818	8,750,810
03/15/2018	0.002653	0.003103	0.002377	0.003006	1,256	7,727,710
03/14/2018	0.002804	0.003070	0.002213	0.002653	1,420	8,168,270
03/13/2018	0.002642	0.003620	0.002627	0.002804	1,141	7,695,870
03/12/2018	0.003631	0.003854	0.002266	0.002657	2,177	10,576,600
03/11/2018	0.003451	0.003647	0.003005	0.003642	1,287	10,054,000
03/10/2018	0.003177	0.003733	0.003177	0.003463	300	9,255,610
03/09/2018	0.003087	0.003522	0.002955	0.003316	875	8,993,860
03/08/2018	0.003698	0.003920	0.003048	0.003106	1,159	10,773,300
03/07/2018	0.003432	0.004192	0.003009	0.003702	1,756	9,998,180
03/06/2018	0.003554	0.004212	0.003157	0.003324	4,526	10,353,300
03/05/2018	0.004401	0.005044	0.003562	0.003563	2,299	12,822,000
03/04/2018	0.004694	0.004916	0.002705	0.004397	8,125	13,674,400
03/03/2018	0.004402	0.004865	0.004402	0.004702	752	12,824,400
03/02/2018	0.004728	0.005070	0.004283	0.004408	840	13,774,900
03/01/2018	0.003733	0.005140	0.003126	0.004740	3,942	10,874,900
02/28/2018	0.004102	0.004698	0.003172	0.003728	4,906	11,949,300
02/27/2018	0.004126	0.004623	0.003919	0.004107	1,310	12,018,600
02/26/2018	0.004474	0.004839	0.003878	0.004114	2,645	13,032,800
02/25/2018	0.004405	0.004671	0.004351	0.004468	527	12,832,100
02/24/2018	0.004079	0.005075	0.004077	0.004410	635	11,882,400
02/23/2018	0.004363	0.004554	0.003957	0.004071	1,305	12,711,500
02/22/2018	0.004873	0.005478	0.004383	0.004389	1,484	14,197,100
02/21/2018	0.005768	0.006961	0.004689	0.004883	3,109	16,802,500
02/20/2018	0.007217	0.007329	0.005324	0.005775	5,128	21,024,500
02/19/2018	0.006136	0.009824	0.005172	0.007224	16,443	17,875,600
02/18/2018	0.006225	0.007758	0.005122	0.006817	7,224	18,134,600
02/17/2018	0.004642	0.014540	0.004462	0.006206	9,927	13,523,900
02/16/2018	0.004252	0.004662	0.003496	0.004647	3,540	12,387,800
02/15/2018	0.004853	0.004853	0.003437	0.004267	4,691	14,138,400
02/14/2018	0.005520	0.005730	0.004552	0.004626	1,185	16,081,700
02/13/2018	0.005166	0.007628	0.004612	0.005537	2,931	15,050,100
02/12/2018	0.004169	0.010768	0.004169	0.005157	1,911	12,145,200
02/11/2018	0.004238	0.004843	0.003952	0.004143	840	12,347,900
02/10/2018	0.004533	0.005511	0.003692	0.004243	1,403	13,206,400
02/09/2018	0.004720	0.004781	0.004204	0.004530	1,164	13,750,900
02/08/2018	0.004307	0.005035	0.004307	0.004710	1,038	12,547,900
02/07/2018	0.004245	0.005270	0.004130	0.004524	1,258	12,366,900
02/06/2018	0.003933	0.005030	0.003291	0.004287	1,453	11,458,200
02/05/2018	0.004960	0.006009	0.003824	0.003927	2,539	14,449,400
02/04/2018	0.005454	0.006283	0.004672	0.005008	3,523	15,888,000
02/03/2018	0.004872	0.005505	0.004147	0.005452	1,621	14,194,000
02/02/2018	0.005951	0.005951	0.004168	0.004853	1,610	17,335,900
02/01/2018	0.005959	0.007571	0.005049	0.005966	5,637	17,361,600
01/31/2018	0.005296	0.005987	0.004620	0.005946	2,953	15,429,000
01/30/2018	0.006330	0.007445	0.005181	0.005286	5,896	18,441,400
01/29/2018	0.006666	0.006747	0.005815	0.006330	3,495	19,420,000
01/28/2018	0.005400	0.007203	0.005400	0.006973	4,608	15,730,400
01/27/2018	0.005967	0.006176	0.005357	0.005371	1,561	17,384,800
01/26/2018	0.007181	0.007420	0.005598	0.005971	3,142	20,920,300
01/25/2018	0.007643	0.008638	0.006269	0.007203	12,287	22,265,700
01/24/2018	0.006718	0.007543	0.005957	0.007527	1,875	19,572,500
01/23/2018	0.005945	0.006983	0.005023	0.006721	3,543	17,320,700
01/22/2018	0.006999	0.007509	0.004579	0.005960	10,437	20,390,800
01/21/2018	0.008041	0.008598	0.006541	0.006923	3,190	23,425,600
01/20/2018	0.008743	0.010243	0.008152	0.008202	2,810	25,471,100
01/19/2018	0.007826	0.009869	0.007766	0.008650	9,715	22,799,600
01/18/2018	0.009091	0.009672	0.007466	0.007903	8,322	26,484,100
01/17/2018	0.009788	0.009999	0.007120	0.009039	4,129	28,514,600
01/16/2018	0.010297	0.010539	0.007447	0.009837	13,602	30,001,500
01/15/2018	0.009350	0.011064	0.009325	0.010283	9,167	27,240,300
01/14/2018	0.011717	0.011822	0.009025	0.009413	8,292	34,137,500
01/13/2018	0.010401	0.012550	0.010401	0.011709	4,595	30,302,200
01/12/2018	0.010198	0.012197	0.008681	0.010408	10,119	29,711,500
01/11/2018	0.009792	0.010727	0.008387	0.010165	6,688	28,528,000
01/10/2018	0.011019	0.012132	0.009022	0.009805	5,622	32,102,000
01/09/2018	0.011451	0.012639	0.009560	0.011008	9,645	33,360,500
01/08/2018	0.008164	0.011499	0.007131	0.011486	9,239	23,786,400
01/07/2018	0.010566	0.011024	0.006417	0.008170	15,768	30,782,800
01/06/2018	0.009963	0.010633	0.008506	0.010573	7,097	29,027,000
01/05/2018	0.008893	0.010951	0.008086	0.009954	12,738	25,910,200
01/04/2018	0.012050	0.012816	0.007726	0.008765	12,666	35,107,300
01/03/2018	0.008565	0.013069	0.007915	0.012020	8,180	23,239,600
01/02/2018	0.009572	0.010318	0.006610	0.008590	7,723	25,972,300
01/01/2018	0.010094	0.010094	0.008423	0.009561	7,366	27,389,700
12/31/2017	0.007899	0.010825	0.006835	0.010075	8,263	21,433,200
12/30/2017	0.008998	0.008998	0.006993	0.007984	8,729	24,415,000
12/29/2017	0.008630	0.011049	0.007951	0.009014	7,437	23,416,400
12/28/2017	0.010517	0.010705	0.007535	0.008548	6,438	28,538,600
12/27/2017	0.006891	0.013339	0.006456	0.010681	20,420	18,697,300
12/26/2017	0.006915	0.007484	0.006225	0.006885	3,084	18,764,400
12/25/2017	0.007151	0.007619	0.005794	0.006926	5,456	19,403,600
12/24/2017	0.007386	0.008074	0.006333	0.007828	10,151	20,040,600
12/23/2017	0.006991	0.007828	0.006907	0.007315	6,989	18,970,100
12/22/2017	0.007480	0.007837	0.005894	0.006940	4,922	20,295,900
12/21/2017	0.007976	0.008609	0.007368	0.007557	8,242	21,641,400
12/20/2017	0.008613	0.009126	0.007654	0.007958	9,443	23,370,200
12/19/2017	0.010125	0.010228	0.008029	0.008620	7,278	27,473,500
12/18/2017	0.010005	0.010520	0.008332	0.010120	9,215	27,148,000
12/17/2017	0.009780	0.010777	0.007092	0.009986	20,599	26,537,500
12/16/2017	0.010953	0.011484	0.008257	0.009778	8,148	29,721,000
12/15/2017	0.008818	0.010994	0.008471	0.010937	9,492	23,928,100
12/14/2017	0.009893	0.010988	0.008709	0.008805	9,598	26,845,800
12/13/2017	0.010854	0.012004	0.009698	0.009922	6,952	29,453,100
12/12/2017	0.013233	0.013439	0.010795	0.010845	11,593	35,909,000
12/11/2017	0.011293	0.013744	0.011244	0.013191	7,878	30,644,200
12/10/2017	0.009479	0.011588	0.008558	0.011375	5,234	25,721,800
12/09/2017	0.014632	0.014744	0.009061	0.009441	9,735	39,707,900
12/08/2017	0.016789	0.018276	0.010877	0.014646	9,565	41,937,200
12/07/2017	0.014703	0.023055	0.011183	0.016751	49,215	36,725,300
12/06/2017	0.021225	0.022199	0.010144	0.014757	26,451	52,994,400
12/05/2017	0.015095	0.022178	0.010027	0.021346	45,159	37,688,400
12/04/2017	0.008361	0.033107	0.008262	0.015068	42,614	20,859,400
12/03/2017	0.009062	0.009387	0.007907	0.008334	7,203	22,591,000
12/02/2017	0.008937	0.010323	0.007561	0.009052	36,045	22,279,200
12/01/2017	0.007262	0.011380	0.006841	0.010583	21,097	18,053,700
11/30/2017	0.008834	0.010209	0.006853	0.007298	7,939	21,904,800
11/29/2017	0.006279	0.012485	0.006050	0.008719	62,596	15,511,100
11/28/2017	0.006809	0.007030	0.005864	0.006285	11,787	16,700,200
11/27/2017	0.008028	0.008766	0.006518	0.006793	14,044	19,564,500
11/26/2017	0.008889	0.008907	0.006971	0.008008	22,977	21,658,600
11/25/2017	0.005501	0.014032	0.005215	0.013030	59,370	13,384,800
11/24/2017	0.006366	0.006644	0.005344	0.005579	23,643	15,449,000
11/23/2017	0.004838	0.007414	0.004838	0.005471	43,539	11,740,500
11/22/2017	0.004727	0.005308	0.004134	0.004840	21,859	11,431,300
11/21/2017	0.004007	0.004834	0.003505	0.004673	19,571	9,998,660
11/20/2017	0.003659	0.004208	0.003529	0.003687	25,077	9,092,570
11/19/2017	0.003455	0.004351	0.003366	0.003615	25,626	8,557,940
11/18/2017	0.003130	0.004442	0.002735	0.003424	65,441	7,675,960
11/17/2017	0.005003	0.005003	0.002632	0.003148	66,857	12,075,300
11/16/2017	0.003304	0.005011	0.003076	0.005011	128,076	7,887,940
11/15/2017	0.005599	0.008291	0.003176	0.003247	221,185	13,248,400
11/14/2017	0.007442	0.008241	0.004886	0.005777	121,392	17,374,700
11/13/2017	0.006890	0.009195	0.005563	0.007416	125,592	15,940,600
11/12/2017	0.015745	0.016935	0.006865	0.007356	62,503	36,335,700
11/11/2017	0.008270	0.068824	0.007420	0.015671	202,510	12,812,700
11/10/2017	0.037836	0.052076	0.005179	0.008879	117,352	58,196,800
11/09/2017	0.013098	0.043997	0.005780	0.037751	308,891	20,030,400
11/08/2017	0.013143	0.017692	0.010871	0.013147	73,018	20,025,200
11/07/2017	0.010803	0.013284	0.010803	0.013170	57,059	16,432,200
11/06/2017	0.041612	0.043153	0.009547	0.010809	78,078	63,076,100
11/05/2017	0.036849	0.041636	0.025427	0.041313	73,242	55,855,700
11/04/2017	0.039790	0.043953	0.008899	0.036228	57,389	60,313,800
11/03/2017	0.036061	0.042590	0.007208	0.039774	37,233	44,853,600
11/02/2017	0.036159	0.044519	0.010591	0.035867	48,852	44,975,400
11/01/2017	0.021396	0.052109	0.021361	0.036048	55,879	26,613,200
10/31/2017	0.040888	0.047809	0.021388	0.021417	55,898	50,857,600
10/30/2017	0.024508	0.045800	0.022394	0.040922	51,239	30,483,900
10/29/2017	0.037394	0.037421	0.011804	0.024563	94,044	46,511,300
10/28/2017	0.016941	0.070320	0.007535	0.037446	108,237	21,071,800
10/27/2017	0.018569	0.020199	0.013662	0.016925	51,621	23,096,200
10/26/2017	0.010564	0.044906	0.010122	0.018571	48,861	12,573,200
10/25/2017	0.010439	0.014301	0.008554	0.010518	24,394	12,424,800
10/24/2017	0.020622	0.020877	0.011987	0.013435	37,586	24,543,900
10/23/2017	0.024000	0.024006	0.009526	0.020642	96,392	28,564,400
10/22/2017	0.020454	0.024182	0.015664	0.023995	37,558	24,344,200
10/21/2017	0.020191	0.020587	0.015689	0.020453	21,112	24,030,400
10/20/2017	0.022128	0.024625	0.015586	0.020227	16,391	26,336,800
10/19/2017	0.017251	0.027756	0.017251	0.022190	279,902	20,531,400
10/18/2017	0.018930	0.019006	0.013599	0.015401	64,665	-
10/17/2017	0.014279	0.027265	0.011499	0.019008	77,148	-
10/16/2017	0.019681	0.020173	0.008188	0.014264	16,007	-
10/15/2017	0.034505	0.034801	0.012389	0.019633	42,766	-
10/14/2017	0.024049	0.035258	0.011524	0.034424	118,493	-
10/13/2017	0.024133	0.024396	0.023299	0.024021	76,485	-
10/12/2017	0.021024	0.029664	0.020746	0.029566	95,969	-
10/11/2017	0.015678	0.024133	0.012975	0.021030	71,971	-
10/10/2017	0.035121	0.035265	0.013304	0.015730	18,255	-
10/09/2017	0.019238	0.088873	0.015093	0.034996	28,266	-
10/08/2017	0.048116	0.048116	0.018477	0.019237	12,857	-
10/07/2017	0.018034	0.052036	0.017445	0.048116	107,996	-
10/06/2017	0.018444	0.022122	0.017424	0.018028	38,973	-
10/05/2017	0.028535	0.028735	0.016474	0.018445	172,188	-
10/04/2017	0.023582	0.036314	0.014371	0.028525	192,466	-
10/03/2017	0.024311	0.029272	0.017053	0.023561	38,308	-
10/02/2017	0.020265	0.036032	0.019178	0.024307	40,747	-
10/01/2017	0.045697	0.095875	0.020344	0.020610	9,693	-
09/30/2017	0.020412	0.066184	0.018596	0.023791	28,991	-
09/29/2017	0.032955	0.033741	0.017605	0.020407	30,027	-
09/28/2017	0.021528	0.058417	0.019090	0.033067	33,446	-
09/27/2017	0.030688	0.040876	0.019446	0.021557	34,598	-
09/26/2017	0.039963	0.091560	0.021531	0.030629	39,628	-
09/25/2017	0.021423	0.042753	0.018319	0.038744	17,970	-
09/24/2017	0.023497	0.023497	0.020563	0.021350	10,041	-
09/23/2017	0.032149	0.057634	0.023329	0.023499	13,641	-
09/22/2017	0.059439	0.065512	0.023564	0.032330	71,664	-
09/21/2017	0.026381	0.067356	0.017573	0.059550	99,898	-
09/20/2017	0.030014	0.031442	0.024202	0.026491	13,025	-
09/19/2017	0.026402	0.031828	0.024292	0.030047	15,817	-
09/18/2017	0.039965	0.041257	0.027107	0.029041	9,155	-
09/17/2017	0.038165	0.041436	0.024110	0.040009	12,674	-
09/16/2017	0.033460	0.043866	0.022780	0.038094	60,047	-
09/15/2017	0.027752	0.036291	0.024038	0.033153	76,792	-
09/14/2017	0.030967	0.031243	0.018339	0.027741	53,804	-
09/13/2017	0.030361	0.035080	0.024463	0.029674	11,397	-
09/12/2017	0.034813	0.035532	0.024101	0.030351	24,185	-
09/11/2017	0.035387	0.038442	0.030190	0.035655	6,736	-
09/10/2017	0.033589	0.036112	0.027368	0.035277	4,594	-
09/09/2017	0.031428	0.035342	0.029128	0.033547	19,404	-
09/08/2017	0.045569	0.046713	0.029429	0.030381	15,531	-
09/07/2017	0.025915	0.048927	0.025243	0.045581	27,431	-
09/06/2017	0.040940	0.043248	0.025762	0.025900	18,863	-
09/05/2017	0.042669	0.042793	0.031476	0.041308	12,803	-
09/04/2017	0.043602	0.045464	0.038103	0.042821	9,505	-
09/03/2017	0.044770	0.047910	0.041027	0.043581	23,100	-
09/02/2017	0.051234	0.053225	0.037878	0.044664	40,394	-
09/01/2017	0.041864	0.068150	0.021527	0.051170	29,838	-
08/31/2017	0.045566	0.053405	0.024237	0.041898	15,751	-
08/30/2017	0.045956	0.046461	0.044880	0.045645	318	-
08/29/2017	0.040309	0.052720	0.032238	0.045983	6,954	-
08/28/2017	0.052174	0.057786	0.034738	0.040315	11,340	-
08/27/2017	0.056239	0.057045	0.036973	0.052122	10,844	-
