Date	Open	High	Low	Close	Volume	Market Cap
07/15/2018	0.001564	0.001592	0.001530	0.001584	197,880	-
07/14/2018	0.001569	0.001585	0.001446	0.001565	227,652	-
07/13/2018	0.001599	0.001609	0.001459	0.001580	556,794	-
07/12/2018	0.001510	0.001691	0.001493	0.001597	815,395	-
07/11/2018	0.001575	0.001611	0.001421	0.001496	914,554	-
07/10/2018	0.001713	0.001718	0.001448	0.001574	1,357,960	-
07/09/2018	0.002002	0.002005	0.001661	0.001694	1,525,250	-
07/08/2018	0.002266	0.002266	0.001973	0.002000	1,600,680	-
07/07/2018	0.001629	0.002298	0.001626	0.002179	2,853,200	-
07/06/2018	0.001906	0.001911	0.001614	0.001630	1,906,820	-
07/05/2018	0.001785	0.002001	0.001736	0.001907	964,349	-
07/04/2018	0.001866	0.001887	0.001741	0.001783	700,433	-
07/03/2018	0.001959	0.001961	0.001794	0.001866	943,040	-
07/02/2018	0.001814	0.001961	0.001746	0.001961	974,340	-
07/01/2018	0.001805	0.001878	0.001750	0.001767	788,780	-
06/30/2018	0.001699	0.001877	0.001643	0.001775	602,581	-
06/29/2018	0.001569	0.001708	0.001476	0.001698	675,497	-
06/28/2018	0.001671	0.001705	0.001540	0.001569	505,592	-
06/27/2018	0.001873	0.001883	0.001582	0.001669	1,115,490	-
06/26/2018	0.001908	0.001971	0.001826	0.001874	788,389	-
06/25/2018	0.002007	0.002070	0.001796	0.001908	1,562,010	-
06/24/2018	0.001899	0.002098	0.001806	0.002009	2,734,960	-
06/23/2018	0.001940	0.001993	0.001728	0.001898	1,018,630	-
06/22/2018	0.002119	0.002153	0.001692	0.001940	1,999,910	-
06/21/2018	0.002608	0.002755	0.002034	0.002119	3,548,320	-
06/20/2018	0.002089	0.002761	0.001955	0.002608	3,914,340	-
06/19/2018	0.001586	0.002292	0.001543	0.002070	4,241,370	-
06/18/2018	0.001408	0.001698	0.001242	0.001587	1,949,830	-
06/17/2018	0.001500	0.001551	0.001356	0.001356	666,080	-
06/16/2018	0.001800	0.001802	0.001409	0.001441	1,614,430	-
06/15/2018	0.001274	0.002107	0.001228	0.001803	3,517,060	-
06/14/2018	0.001197	0.001284	0.001147	0.001275	594,889	-
06/13/2018	0.001305	0.001310	0.001154	0.001198	882,841	-
06/12/2018	0.001377	0.001377	0.001254	0.001302	554,314	-
06/11/2018	0.001324	0.001379	0.001241	0.001377	666,696	-
06/10/2018	0.001479	0.001479	0.001294	0.001325	835,145	-
06/09/2018	0.001547	0.001583	0.001425	0.001478	1,050,970	-
06/08/2018	0.001595	0.001637	0.001482	0.001537	921,642	-
06/07/2018	0.001548	0.001599	0.001474	0.001593	622,675	-
06/06/2018	0.001543	0.001576	0.001464	0.001547	657,370	-
06/05/2018	0.001413	0.001544	0.001404	0.001544	463,252	-
06/04/2018	0.001601	0.001610	0.001413	0.001413	583,589	-
06/03/2018	0.001563	0.001641	0.001534	0.001601	347,949	-
06/02/2018	0.001632	0.001688	0.001549	0.001563	596,790	-
06/01/2018	0.001704	0.001712	0.001500	0.001632	669,381	-
05/31/2018	0.001698	0.001751	0.001606	0.001703	470,747	-
05/30/2018	0.001683	0.001799	0.001637	0.001699	512,656	-
05/29/2018	0.001621	0.001789	0.001577	0.001682	662,690	-
05/28/2018	0.001595	0.001750	0.001503	0.001588	667,201	-
05/27/2018	0.001659	0.001659	0.001516	0.001596	158,329	-
05/26/2018	0.001706	0.001718	0.001565	0.001658	983,270	-
05/25/2018	0.001711	0.001843	0.001505	0.001708	825,925	-
05/24/2018	0.001507	0.001714	0.001507	0.001709	455,731	-
05/23/2018	0.001818	0.001897	0.001488	0.001509	643,811	-
05/22/2018	0.001807	0.001897	0.001742	0.001819	501,537	-
05/21/2018	0.002198	0.002198	0.001736	0.001778	873,204	-
05/20/2018	0.001965	0.002275	0.001919	0.002197	1,205,370	-
05/19/2018	0.001936	0.002109	0.001883	0.001964	501,418	-
05/18/2018	0.001928	0.001979	0.001840	0.001936	482,269	-
05/17/2018	0.002098	0.002104	0.001902	0.001927	560,386	-
05/16/2018	0.002205	0.002259	0.002004	0.002100	790,555	-
05/15/2018	0.002186	0.002309	0.002110	0.002297	1,084,670	-
